0.0 0.5
0.1 0.5
0.119 0.5
0.138 0.5
0.156 0.5
0.175 0.5
0.194 0.5
0.213 0.5
0.231 0.5
0.25 0.5
0.269 0.5
0.288 0.5
0.306 0.5
0.325 0.5
0.344 0.5
0.363 0.5
0.381 0.5
0.4 0.5
0.45 0.5
0.5 0.5
0.0 0.51
0.1 0.51
0.119 0.51
0.138 0.51
0.156 0.51
0.175 0.51
0.194 0.51
0.213 0.51
0.231 0.51
0.25 0.51
0.269 0.51
0.288 0.51
0.306 0.51
0.325 0.51
0.344 0.51
0.363 0.51
0.381 0.51
0.4 0.51
0.45 0.51
0.5 0.51
0.0 0.52
0.1 0.52
0.119 0.52
0.138 0.52
0.156 0.52
0.175 0.52
0.194 0.52
0.213 0.52
0.231 0.52
0.25 0.52
0.269 0.52
0.288 0.52
0.306 0.52
0.325 0.52
0.344 0.52
0.363 0.52
0.381 0.52
0.4 0.52
0.45 0.52
0.5 0.52
0.0 0.53
0.1 0.53
0.119 0.53
0.138 0.53
0.156 0.53
0.175 0.53
0.194 0.53
0.213 0.53
0.231 0.53
0.25 0.53
0.269 0.53
0.288 0.53
0.306 0.53
0.325 0.53
0.344 0.53
0.363 0.53
0.381 0.53
0.4 0.53
0.45 0.53
0.5 0.53
0.0 0.54
0.1 0.54
0.119 0.54
0.138 0.54
0.156 0.54
0.175 0.54
0.194 0.54
0.213 0.54
0.231 0.54
0.25 0.54
0.269 0.54
0.288 0.54
0.306 0.54
0.325 0.54
0.344 0.54
0.363 0.54
0.381 0.54
0.4 0.54
0.45 0.54
0.5 0.54
0.0 0.55
0.1 0.55
0.119 0.55
0.138 0.55
0.156 0.55
0.175 0.55
0.194 0.55
0.213 0.55
0.231 0.55
0.25 0.55
0.269 0.55
0.288 0.55
0.306 0.55
0.325 0.55
0.344 0.55
0.363 0.55
0.381 0.55
0.4 0.55
0.45 0.55
0.5 0.55
0.0 0.56
0.1 0.56
0.119 0.56
0.138 0.56
0.156 0.56
0.175 0.56
0.194 0.56
0.213 0.56
0.231 0.56
0.25 0.56
0.269 0.56
0.288 0.56
0.306 0.56
0.325 0.56
0.344 0.56
0.363 0.56
0.381 0.56
0.4 0.56
0.45 0.56
0.5 0.56
0.0 0.57
0.1 0.57
0.119 0.57
0.138 0.57
0.156 0.57
0.175 0.57
0.194 0.57
0.213 0.57
0.231 0.57
0.25 0.57
0.269 0.57
0.288 0.57
0.306 0.57
0.325 0.57
0.344 0.57
0.363 0.57
0.381 0.57
0.4 0.57
0.45 0.57
0.5 0.57